10
11 11 8
11 4 9 7 11 1 4 1 5 8 7 1
7 2 7 9 2 2 4 8 4 10 7 3
6 9 6 4 8 3 5 8 6 8 3 0
11 7 7 9 2 10 9 10 2 5 3 2
6 2 1 10 4 8 8 8 1 5 11 0
3 8 4 1 5 3 2 5 10 8 1 0
8 10 10 11 10 11 9 2 3 8 5 0
3 10 2 7 4 6 5 4 4 1 11 0
11 11 8
6 1 7 5 1 2 8 2 7 9 9 2
9 9 5 7 3 1 9 1 10 11 11 3
7 9 6 2 3 7 10 7 7 2 5 2
5 7 9 5 3 6 9 3 7 8 9 1
9 1 7 6 6 4 2 11 7 11 6 1
3 9 6 2 2 11 4 5 9 6 3 0
8 3 8 11 1 1 2 6 8 7 5 4
8 4 9 9 6 3 2 8 6 10 9 0
11 11 8
7 2 6 11 4 2 8 4 2 2 11 6
6 5 10 8 7 6 4 3 3 6 11 6
8 3 4 11 7 8 5 8 7 6 10 6
10 8 7 1 11 7 9 9 2 2 9 6
10 4 1 3 2 10 6 11 7 3 11 6
10 8 7 1 7 2 4 1 4 11 7 6
4 3 10 2 5 11 8 11 5 3 6 1
8 5 11 2 3 8 1 6 3 7 8 6
11 11 8
1 2 1 10 6 7 7 9 6 2 4 6
9 9 7 7 3 2 5 10 2 7 8 11
1 2 2 10 2 5 7 9 8 9 7 6
6 7 1 9 5 8 6 11 9 5 3 6
11 7 4 7 9 1 11 2 10 11 8 6
10 8 11 7 10 1 1 8 5 4 2 6
8 3 10 9 3 6 5 11 2 7 10 6
4 3 9 4 8 10 5 1 9 10 2 6
11 11 8
11 2 7 5 5 10 8 4 11 4 8 6
7 11 5 11 11 6 5 10 1 7 9 6
4 7 9 3 8 10 6 7 1 9 6 6
3 3 4 9 7 6 3 10 7 10 4 6
6 4 3 6 8 11 2 8 2 8 5 6
10 4 3 6 7 9 5 5 1 7 3 6
11 1 9 11 2 6 5 9 5 7 11 6
3 5 5 1 6 3 11 5 2 1 9 6
9 5 6
6 6 2 7 7 3
2 4 3 8 2 3
3 5 3 2 3 3
7 4 8 4 3 3
5 1 8 4 7 3
3 5 6 8 7 5
7 6 4
1 3 5 2 2 5 1
6 2 4 4 4 2 0
1 4 4 3 7 5 1
3 1 5 3 4 5 2
3 1 6
2 1
2 1
2 1
3 1
3 1
1 1
11 6 6
4 5 10 4 10 4 0
9 2 3 3 3 10 2
6 10 2 5 5 4 0
11 11 6 2 8 5 1
7 5 11 11 3 3 1
8 2 3 7 8 10 1
11 2 4
7 8 0
11 9 1
7 7 1
10 8 1